  -1.1000000e+00
  -1.0900000e+00
  -1.0800000e+00
  -1.0700000e+00
  -1.0600000e+00
  -1.0500000e+00
  -1.0400000e+00
  -1.0300000e+00
  -1.0200000e+00
  -1.0100000e+00
  -1.0000000e+00
  -9.9000000e-01
  -9.8000000e-01
  -9.7000000e-01
  -9.6000000e-01
  -9.5000000e-01
  -9.4000000e-01
  -9.3000000e-01
  -9.2000000e-01
  -9.1000000e-01
  -9.0000000e-01
  -8.9000000e-01
  -8.8000000e-01
  -8.7000000e-01
  -8.6000000e-01
  -8.5000000e-01
  -8.4000000e-01
  -8.3000000e-01
  -8.2000000e-01
  -8.1000000e-01
  -8.0000000e-01
  -7.9000000e-01
  -7.8000000e-01
  -7.7000000e-01
  -7.6000000e-01
  -7.5000000e-01
  -7.4000000e-01
  -7.3000000e-01
  -7.2000000e-01
  -7.1000000e-01
  -7.0000000e-01
  -6.9000000e-01
  -6.8000000e-01
  -6.7000000e-01
  -6.6000000e-01
  -6.5000000e-01
  -6.4000000e-01
  -6.3000000e-01
  -6.2000000e-01
  -6.1000000e-01
  -6.0000000e-01
  -5.9000000e-01
  -5.8000000e-01
  -5.7000000e-01
  -5.6000000e-01
  -5.5000000e-01
  -5.4000000e-01
  -5.3000000e-01
  -5.2000000e-01
  -5.1000000e-01
  -5.0000000e-01
  -4.9000000e-01
  -4.8000000e-01
  -4.7000000e-01
  -4.6000000e-01
  -4.5000000e-01
  -4.4000000e-01
  -4.3000000e-01
  -4.2000000e-01
  -4.1000000e-01
  -4.0000000e-01
  -3.9000000e-01
  -3.8000000e-01
  -3.7000000e-01
  -3.6000000e-01
  -3.5000000e-01
  -3.4000000e-01
  -3.3000000e-01
  -3.2000000e-01
  -3.1000000e-01
  -3.0000000e-01
  -2.9000000e-01
  -2.8000000e-01
  -2.7000000e-01
  -2.6000000e-01
  -2.5000000e-01
  -2.4000000e-01
  -2.3000000e-01
  -2.2000000e-01
  -2.1000000e-01
  -2.0000000e-01
  -1.9000000e-01
  -1.8000000e-01
  -1.7000000e-01
  -1.6000000e-01
  -1.5000000e-01
  -1.4000000e-01
  -1.3000000e-01
  -1.2000000e-01
  -1.1000000e-01
  -1.0000000e-01
  -9.0000000e-02
  -8.0000000e-02
  -7.0000000e-02
  -6.0000000e-02
  -5.0000000e-02
  -4.0000000e-02
  -3.0000000e-02
  -2.0000000e-02
  -1.0000000e-02
   0.0000000e+00
   1.0000000e-02
   2.0000000e-02
   3.0000000e-02
   4.0000000e-02
   5.0000000e-02
   6.0000000e-02
   7.0000000e-02
   8.0000000e-02
   9.0000000e-02
   1.0000000e-01
   1.1000000e-01
   1.2000000e-01
   1.3000000e-01
   1.4000000e-01
   1.5000000e-01
   1.6000000e-01
   1.7000000e-01
   1.8000000e-01
   1.9000000e-01
   2.0000000e-01
   2.1000000e-01
   2.2000000e-01
   2.3000000e-01
   2.4000000e-01
   2.5000000e-01
   2.6000000e-01
   2.7000000e-01
   2.8000000e-01
   2.9000000e-01
   3.0000000e-01
   3.1000000e-01
   3.2000000e-01
   3.3000000e-01
   3.4000000e-01
   3.5000000e-01
   3.6000000e-01
   3.7000000e-01
   3.8000000e-01
   3.9000000e-01
   4.0000000e-01
   4.1000000e-01
   4.2000000e-01
   4.3000000e-01
   4.4000000e-01
   4.5000000e-01
   4.6000000e-01
   4.7000000e-01
   4.8000000e-01
   4.9000000e-01
   5.0000000e-01
   5.1000000e-01
   5.2000000e-01
   5.3000000e-01
   5.4000000e-01
   5.5000000e-01
   5.6000000e-01
   5.7000000e-01
   5.8000000e-01
   5.9000000e-01
   6.0000000e-01
   6.1000000e-01
   6.2000000e-01
   6.3000000e-01
   6.4000000e-01
   6.5000000e-01
   6.6000000e-01
   6.7000000e-01
   6.8000000e-01
   6.9000000e-01
   7.0000000e-01
   7.1000000e-01
   7.2000000e-01
   7.3000000e-01
   7.4000000e-01
   7.5000000e-01
   7.6000000e-01
   7.7000000e-01
   7.8000000e-01
   7.9000000e-01
   8.0000000e-01
   8.1000000e-01
   8.2000000e-01
   8.3000000e-01
   8.4000000e-01
   8.5000000e-01
   8.6000000e-01
   8.7000000e-01
   8.8000000e-01
   8.9000000e-01
   9.0000000e-01
   9.1000000e-01
   9.2000000e-01
   9.3000000e-01
   9.4000000e-01
   9.5000000e-01
   9.6000000e-01
   9.7000000e-01
   9.8000000e-01
   9.9000000e-01
   1.0000000e+00
   1.0100000e+00
   1.0200000e+00
   1.0300000e+00
   1.0400000e+00
   1.0500000e+00
   1.0600000e+00
   1.0700000e+00
   1.0800000e+00
   1.0900000e+00
   1.1000000e+00
   1.1100000e+00
   1.1200000e+00
   1.1300000e+00
   1.1400000e+00
   1.1500000e+00
   1.1600000e+00
   1.1700000e+00
   1.1800000e+00
   1.1900000e+00
   1.2000000e+00
   8.6949325e+00
   7.9978053e+00
   7.3648422e+00
   6.7900971e+00
   6.2681645e+00
   5.7941324e+00
   5.3635400e+00
   4.9723375e+00
   4.6168501e+00
   4.2937449e+00
   4.0000000e+00
   3.7328765e+00
   3.4898930e+00
   3.2688020e+00
   3.0675683e+00
   2.8843496e+00
   2.7174784e+00
   2.5654457e+00
   2.4268860e+00
   2.3005640e+00
   2.1853617e+00
   2.0802678e+00
   1.9843669e+00
   1.8968308e+00
   1.8169094e+00
   1.7439238e+00
   1.6772590e+00
   1.6163575e+00
   1.5607142e+00
   1.5098706e+00
   1.4634109e+00
   1.4209572e+00
   1.3821663e+00
   1.3467260e+00
   1.3143521e+00
   1.2847857e+00
   1.2577910e+00
   1.2331525e+00
   1.2106736e+00
   1.1901745e+00
   1.1714908e+00
   1.1544719e+00
   1.1389796e+00
   1.1248875e+00
   1.1120791e+00
   1.1004477e+00
   1.0898952e+00
   1.0803312e+00
   1.0716725e+00
   1.0638425e+00
   1.0567708e+00
   1.0503924e+00
   1.0446472e+00
   1.0394801e+00
   1.0348402e+00
   1.0306805e+00
   1.0269578e+00
   1.0236322e+00
   1.0206671e+00
   1.0180287e+00
   1.0156860e+00
   1.0136105e+00
   1.0117758e+00
   1.0101581e+00
   1.0087353e+00
   1.0074874e+00
   1.0063958e+00
   1.0054438e+00
   1.0046161e+00
   1.0038989e+00
   1.0032795e+00
   1.0027465e+00
   1.0022896e+00
   1.0018995e+00
   1.0015679e+00
   1.0012872e+00
   1.0010507e+00
   1.0008526e+00
   1.0006873e+00
   1.0005503e+00
   1.0004374e+00
   1.0003450e+00
   1.0002699e+00
   1.0002092e+00
   1.0001606e+00
   1.0001221e+00
   1.0000917e+00
   1.0000681e+00
   1.0000499e+00
   1.0000360e+00
   1.0000256e+00
   1.0000179e+00
   1.0000122e+00
   1.0000082e+00
   1.0000054e+00
   1.0000034e+00
   1.0000021e+00
   1.0000013e+00
   1.0000007e+00
   1.0000004e+00
   1.0000002e+00
   1.0000001e+00
   1.0000000e+00
   1.0000000e+00
   1.0000000e+00
   1.0000000e+00
   1.0000000e+00
   1.0000000e+00
   1.0000000e+00
   1.0000000e+00
   1.0000000e+00
   1.0000000e+00
   1.0000000e+00
   1.0000000e+00
   1.0000000e+00
   1.0000000e+00
   9.9999999e-01
   9.9999998e-01
   9.9999996e-01
   9.9999990e-01
   9.9999980e-01
   9.9999961e-01
   9.9999928e-01
   9.9999875e-01
   9.9999789e-01
   9.9999658e-01
   9.9999463e-01
   9.9999179e-01
   9.9998776e-01
   9.9998212e-01
   9.9997440e-01
   9.9996398e-01
   9.9995011e-01
   9.9993190e-01
   9.9990827e-01
   9.9987793e-01
   9.9983937e-01
   9.9979080e-01
   9.9973016e-01
   9.9965503e-01
   9.9956265e-01
   9.9944982e-01
   9.9931292e-01
   9.9914781e-01
   9.9894981e-01
   9.9871363e-01
   9.9843333e-01
   9.9810226e-01
   9.9771300e-01
   9.9725726e-01
   9.9672588e-01
   9.9610871e-01
   9.9539453e-01
   9.9457102e-01
   9.9362464e-01
   9.9254057e-01
   9.9130264e-01
   9.8989320e-01
   9.8829310e-01
   9.8648154e-01
   9.8443604e-01
   9.8213232e-01
   9.7954426e-01
   9.7664377e-01
   9.7340077e-01
   9.6978308e-01
   9.6575639e-01
   9.6128421e-01
   9.5632784e-01
   9.5084631e-01
   9.4479644e-01
   9.3813283e-01
   9.3080788e-01
   9.2277194e-01
   9.1397335e-01
   9.0435863e-01
   8.9387266e-01
   8.8245899e-01
   8.7006008e-01
   8.5661775e-01
   8.4207363e-01
   8.2636972e-01
   8.0944906e-01
   7.9125653e-01
   7.7173976e-01
   7.5085017e-01
   7.2854428e-01
   7.0478504e-01
   6.7954354e-01
   6.5280083e-01
   6.2455007e-01
   5.9479891e-01
   5.6357230e-01
   5.3091551e-01
   4.9689762e-01
   4.6161549e-01
   4.2519813e-01
   3.8781159e-01
   3.4966455e-01
   3.1101440e-01
   2.7217412e-01
   2.3351991e-01
   1.9549963e-01
   1.5864220e-01
   1.2356800e-01
   9.1000387e-02
   6.1778356e-02
   3.6870588e-02
   1.7390875e-02
   4.6151170e-03
   0.0000000e+00
   5.2035090e-03
   2.2107428e-02
   5.2841994e-02
   9.9812889e-02
   1.6573075e-01
   2.5364344e-01
   3.6697120e-01
   5.0954509e-01
   6.8564879e-01
   9.0006414e-01
   1.1581207e+00
   1.4657495e+00
   1.8295416e+00
   2.2568115e+00
   2.7556660e+00
   3.3350785e+00
   4.0049700e+00
   4.7762962e+00
   5.6611419e+00
   6.6728230e+00
